0 3
1 3
2 2
3 3
4 0
5 3
6 3
7 2
8 3
9 3
10 3
11 3
12 3
13 0
14 0
15 2
16 0
17 3
18 0
19 2
20 0
21 0
22 3
23 3
24 2
25 0
26 2
27 0
28 2
29 3
30 3
31 3
32 3
33 3
34 0
35 3
36 0
37 2
38 0
39 3
40 3
41 2
42 3
43 2
44 2
45 3
46 2
47 3
48 3
49 3
50 2
51 2
52 2
53 0
54 2
55 3
56 3
57 0
58 2
59 2
60 2
61 2
62 2
63 3
64 2
65 2
66 2
67 3
68 3
69 2
70 3
71 3
72 3
73 2
74 3
75 2
76 3
77 3
78 3
79 3
80 3
81 0
82 0
83 3
84 3
85 2
86 3
87 2
88 3
89 3
90 2
91 3
92 2
93 0
94 2
95 0
96 2
97 3
98 3
99 0
100 2
101 2
102 0
103 2
104 2
105 3
106 2
107 3
108 3
109 3
110 0
111 3
112 3
113 0
114 2
115 2
116 2
117 2
118 2
119 3
120 2
121 3
122 3
123 2
124 0
125 3
126 0
127 3
128 3
129 0
130 2
131 2
132 3
133 3
134 2
135 3
136 2
137 0
138 3
139 3
140 3
141 0
142 1
143 0
144 0
145 2
146 3
147 2
148 2
149 2
150 3
151 2
152 3
153 2
154 2
155 0
156 3
157 2
158 3
159 3
160 2
161 0
162 3
163 2
164 1
165 2
166 0
167 1
168 2
169 0
170 2
171 2
172 3
173 1
174 3
175 2
176 2
177 0
178 1
179 3
180 3
181 2
182 3
183 2
184 3
185 3
186 2
187 1
188 0
189 3
190 2
191 2
192 0
193 3
194 0
195 3
196 3
197 3
198 0
199 0
200 3
201 1
202 2
203 1
204 1
205 2
206 2
207 0
208 0
209 3
210 2
211 3
212 3
213 1
214 0
215 1
216 3
217 1
218 3
219 2
220 1
221 1
222 0
223 0
224 3
225 3
226 3
227 3
228 0
229 2
230 2
231 1
232 3
233 3
234 3
235 3
236 3
237 0
238 0
239 2
240 0
241 2
242 2
243 2
244 0
245 2
246 2
247 2
248 2
249 0
250 1
251 0
252 0
253 2
254 2
255 2
256 3
257 2
258 2
259 3
260 1
261 3
262 2
263 1
264 0
265 3
266 1
267 3
268 3
269 1
270 0
271 0
272 2
273 3
274 2
275 3
276 3
277 2
278 3
279 2
280 3
281 2
282 0
283 1
284 3
285 2
286 0
287 2
288 2
289 3
290 1
291 0
292 2
293 3
294 2
295 2
296 3
297 2
298 2
299 2
300 3
301 2
302 2
303 2
304 3
305 0
306 2
307 3
308 2
309 1
310 2
311 1
312 2
313 0
314 0
315 3
316 2
317 3
318 0
319 0
320 0
321 3
322 0
323 3
324 3
325 0
326 0
327 2
328 2
329 2
330 1
331 2
332 1
333 2
334 0
335 1
336 1
337 1
338 1
339 0
340 1
341 0
342 2
343 2
344 2
345 2
346 2
347 0
348 1
349 1
350 1
351 2
352 0
353 1
354 2
355 2
356 1
357 2
358 0
359 1
360 1
361 0
362 0
363 2
364 1
365 1
366 0
367 2
368 0
369 1
370 1
371 2
372 2
373 0
374 1
375 1
376 2
377 1
378 0
379 2
380 2
381 2
382 1
383 0
384 1
385 2
386 0
387 2
388 1
389 2
390 1
391 1
392 2
393 1
394 0
395 0
396 2
397 2
398 2
399 0
400 2
401 0
402 2
403 1
404 0
405 2
406 1
407 2
408 1
409 0
410 0
411 1
412 2
413 2
414 0
415 0
416 2
417 1
418 2
419 0
420 1
421 2
422 2
423 2
424 1
425 1
426 1
427 1
428 1
429 2
430 1
431 1
432 1
433 1
434 0
435 2
436 1
437 2
438 2
439 1
440 2
441 2
442 1
443 2
444 2
445 2
446 2
447 1
448 1
449 0
450 2
451 2
452 2
453 2
454 2
455 2
456 2
457 2
458 2
459 1
460 1
461 1
462 0
463 0
464 2
465 1
466 2
467 2
468 1
469 2
470 2
471 2
472 1
473 1
474 1
475 1
476 0
477 1
478 1
479 2
480 1
481 1
482 1
483 1
484 2
485 1
486 2
487 0
488 2
489 2
490 2
491 2
492 2
493 1
494 2
495 2
496 1
497 1
498 0
499 1
500 0
501 0
502 0
503 0
504 2
505 1
506 2
507 0
508 1
509 2
510 2
511 2
512 2
513 1
514 2
515 2
516 2
517 1
518 1
519 2
520 0
521 0
522 1
523 1
524 2
525 1
526 2
527 1
528 1
529 1
530 0
531 2
532 0
533 2
534 1
535 0
536 2
537 2
538 0
539 1
540 1
541 1
542 2
543 2
544 1
545 1
546 2
547 1
548 2
549 2
550 1
551 1
552 1
553 1
554 1
555 0
556 2
557 2
558 0
559 0
560 1
561 1
562 2
563 1
564 1
565 1
566 2
567 2
568 2
569 1
570 2
571 1
572 2
573 1
574 2
575 2
576 1
577 0
578 2
579 2
580 2
581 1
582 2
583 2
584 1
585 0
586 2
587 1
588 2
589 2
590 0
591 2
592 1
593 1
594 2
595 2
596 1
597 2
598 2
599 2
600 2
601 2
602 1
603 2
604 2
605 2
606 2
607 2
608 2
609 2
610 2
611 1
612 2
613 2
614 2
615 2
616 2
617 1
618 1
619 2
620 2
621 1
622 2
623 2
624 2
625 1
626 2
627 2
628 0
629 2
630 2
631 0
632 2
633 0
634 2
635 2
636 1
637 2
638 2
639 2
640 1
641 1
642 1
643 1
644 2
645 1
646 2
647 2
648 0
649 2
650 0
651 1
652 2
653 1
654 1
655 1
656 2
657 1
658 1
659 1
660 2
661 1
662 2
663 2
664 1
665 2
666 2
667 2
668 2
669 0
670 0
671 1
672 0
673 2
674 2
675 2
676 2
677 2
678 1
679 2
680 2
681 0
682 2
683 2
684 2
685 2
686 0
687 2
688 0
689 1
690 2
691 2
692 0
693 2
694 0
695 2
696 2
697 2
698 2
699 2
700 0
701 0
702 2
703 1
704 2
705 2
706 0
707 2
708 2
709 2
710 2
711 0
712 1
713 2
714 2
715 2
716 2
717 2
718 1
719 2
720 2
721 1
722 2
723 2
724 2
725 1
726 2
727 1
728 0
729 2
730 2
731 2
732 0
733 2
734 1
735 0
736 2
737 2
738 2
739 1
740 1
741 2
742 2
743 1
744 2
745 2
746 1
747 2
748 2
749 0
750 2
751 1
752 2
753 2
754 2
755 2
756 1
757 2
758 2
759 2
760 0
761 2
762 2
763 1
764 2
765 0
766 2
767 2
768 2
769 2
770 1
771 0
772 2
773 2
774 2
775 3
776 0
777 2
778 0
779 3
780 0
781 2
782 3
783 3
784 3
785 3
786 3
787 3
788 3
789 2
790 3
791 0
792 3
793 3
794 3
795 3
796 3
797 3
798 3
799 2
800 2
801 3
802 3
803 3
804 3
805 2
806 3
807 3
808 3
809 3
810 0
811 3
812 3
813 3
814 3
815 3
816 0
817 3
818 0
819 3
820 3
821 3
822 3
823 3
824 3
825 3
826 2
827 3
828 3
829 3
830 3
831 3
832 3
833 3
834 3
835 3
836 2
837 3
838 3
839 3
840 0
841 3
842 3
843 2
844 3
845 2
846 3
847 3
848 3
849 3
850 3
851 3
852 3
853 3
854 2
855 2
856 3
857 2
858 3
859 3
860 0
861 3
862 3
863 0
864 3
865 0
866 3
867 3
868 2
869 0
870 3
871 0
872 0
873 2
874 3
875 3
876 3
877 3
878 3
879 3
880 3
881 0
882 3
883 3
884 3
885 0
886 3
887 3
888 3
889 3
890 3
891 3
892 3
893 3
894 3
895 3
896 3
897 3
898 3
899 3
900 3
901 2
902 3
903 3
904 3
905 3
906 0
907 0
908 3
909 3
910 3
911 3
912 3
913 3
914 3
915 3
916 3
917 3
918 0
919 3
920 3
921 2
922 3
923 3
924 0
925 2
926 0
927 3
928 3
929 2
930 3
931 3
932 3
933 3
934 2
935 3
936 2
937 3
938 3
939 3
940 3
941 2
942 0
943 3
944 3
945 3
946 3
947 0
948 2
949 3
950 3
951 2
952 3
953 3
954 2
955 2
956 3
957 3
958 3
959 3
960 2
961 3
962 3
963 3
964 3
965 0
966 3
967 3
968 2
969 2
970 2
971 3
972 3
973 3
974 2
975 0
976 2
977 3
978 3
979 3
980 3
981 2
982 3
983 3
984 3
985 3
986 3
987 0
988 3
989 0
990 2
991 2
992 3
993 3
994 3
995 3
996 2
997 3
998 2
999 0
1000 2
1001 3
1002 3
1003 3
1004 3
1005 0
1006 0
1007 3
1008 2
1009 0
1010 3
1011 3
1012 2
1013 3
1014 0
1015 3
1016 2
1017 2
1018 3
1019 2
1020 2
1021 3
1022 3
1023 3
1024 3
1025 2
1026 3
1027 0
1028 3
1029 3
1030 0
1031 3
1032 2
1033 3
1034 3
1035 3
1036 3
1037 3
1038 3
1039 3
1040 2
1041 2
1042 2
1043 0
1044 3
1045 3
1046 3
1047 3
1048 3
1049 3
1050 3
1051 3
1052 2
1053 3
1054 3
1055 3
1056 3
1057 2
1058 3
1059 3
1060 3
1061 3
1062 2
1063 3
1064 3
1065 3
1066 3
1067 3
1068 2
1069 3
1070 0
1071 3
1072 3
1073 2
1074 0
1075 3
1076 3
1077 3
1078 3
1079 2
1080 3
1081 3
1082 3
1083 3
1084 2
1085 0
1086 3
1087 3
1088 3
1089 3
1090 3
1091 3
1092 2
1093 3
1094 2
1095 3
1096 3
1097 3
1098 2
1099 2
1100 2
1101 2
1102 2
1103 2
1104 3
1105 2
1106 2
1107 2
1108 3
1109 0
1110 3
1111 2
1112 3
1113 0
1114 3
1115 0
1116 3
1117 2
1118 2
1119 3
1120 3
1121 2
1122 2
1123 3
1124 3
1125 3
1126 3
1127 2
1128 2
1129 0
1130 3
1131 0
1132 2
1133 3
1134 2
1135 2
1136 0
1137 2
1138 3
1139 2
1140 3
1141 0
1142 0
1143 3
1144 2
1145 2
1146 0
1147 3
1148 2
1149 2
1150 3
1151 0
1152 3
1153 2
1154 3
1155 3
1156 3
1157 3
1158 2
1159 2
1160 3
1161 3
1162 3
1163 2
1164 2
1165 3
1166 2
1167 3
1168 3
1169 2
1170 0
1171 0
1172 2
1173 2
1174 2
1175 0
1176 3
1177 3
1178 2
1179 2
1180 2
1181 3
1182 2
1183 2
1184 3
1185 3
1186 2
1187 2
1188 2
1189 3
1190 0
1191 2
1192 2
1193 0
1194 2
1195 2
1196 3
1197 2
1198 2
1199 2
1200 3
1201 2
1202 0
1203 3
1204 3
1205 0
1206 3
1207 3
1208 2
1209 2
1210 3
1211 3
1212 0
1213 3
1214 2
1215 2
1216 3
1217 3
1218 2
1219 3
1220 2
1221 2
1222 2
1223 0
1224 3
1225 3
1226 3
1227 2
1228 2
1229 2
1230 2
1231 0
1232 2
1233 2
1234 2
1235 3
1236 2
1237 2
1238 3
1239 3
1240 2
1241 3
1242 2
1243 2
1244 3
1245 2
1246 2
1247 2
1248 0
1249 2
1250 2
1251 2
1252 3
1253 3
1254 2
1255 0
1256 0
1257 3
1258 3
1259 3
1260 0
1261 2
1262 0
1263 2
1264 0
1265 2
1266 2
1267 0
1268 2
1269 3
1270 0
1271 3
1272 3
1273 3
1274 3
1275 3
1276 0
1277 2
1278 0
1279 3
1280 2
1281 3
1282 2
1283 0
1284 3
1285 2
1286 0
1287 3
1288 3
1289 0
1290 0
1291 3
1292 3
1293 0
1294 2
1295 3
1296 2
1297 0
1298 2
1299 3
1300 3
1301 3
1302 2
1303 2
1304 0
1305 3
1306 0
1307 0
1308 2
1309 0
1310 2
1311 0
1312 3
1313 2
1314 0
1315 3
1316 3
1317 2
1318 2
1319 3
1320 0
1321 2
1322 2
1323 2
1324 2
1325 3
1326 0
1327 2
1328 0
1329 2
1330 0
1331 2
1332 3
1333 2
1334 0
1335 0
1336 3
1337 2
1338 0
1339 3
1340 3
1341 3
1342 3
1343 2
1344 3
1345 3
1346 0
1347 3
1348 2
1349 3
1350 3
1351 3
1352 3
1353 3
1354 2
1355 3
1356 2
1357 2
1358 3
1359 3
1360 3
1361 3
1362 3
1363 3
1364 3
1365 2
1366 3
1367 0
1368 3
1369 3
1370 2
1371 3
1372 2
1373 3
1374 3
1375 0
1376 2
1377 3
1378 0
1379 3
1380 3
1381 3
1382 2
1383 2
1384 0
1385 3
1386 3
1387 3
1388 3
1389 2
1390 0
1391 0
1392 2
1393 3
1394 2
1395 2
1396 0
1397 3
1398 2
1399 0
1400 2
1401 3
1402 0
1403 2
1404 2
1405 2
1406 2
1407 2
1408 0
1409 2
1410 2
1411 3
1412 2
1413 3
1414 3
1415 2
1416 2
1417 3
1418 3
1419 3
1420 3
1421 2
1422 2
1423 0
1424 2
1425 3
1426 2
1427 3
1428 2
1429 0
1430 3
1431 3
1432 3
1433 0
1434 2
1435 2
1436 0
1437 2
1438 3
1439 0
1440 2
1441 0
1442 2
1443 2
1444 3
1445 2
1446 3
1447 3
1448 3
1449 0
1450 3
1451 3
1452 2
1453 2
1454 3
1455 3
1456 3
1457 2
1458 2
1459 2
1460 2
1461 2
1462 2
1463 2
1464 3
1465 3
1466 0
1467 2
1468 3
1469 2
1470 2
1471 0
1472 3
1473 2
1474 2
1475 2
1476 0
1477 3
1478 2
1479 2
1480 0
1481 0
1482 2
1483 3
1484 3
1485 0
1486 2
1487 2
1488 2
1489 0
1490 0
1491 0
1492 2
1493 0
1494 3
1495 0
1496 3
1497 2
1498 0
1499 3
1500 2
1501 2
1502 0
1503 2
1504 2
1505 3
1506 2
1507 2
1508 2
1509 2
1510 2
1511 2
1512 2
1513 2
1514 2
1515 2
1516 3
1517 3
1518 2
1519 3
1520 2
1521 3
1522 3
1523 2
1524 0
1525 2
1526 0
1527 2
1528 3
1529 0
1530 2
1531 2
1532 2
1533 3
1534 3
1535 2
1536 2
1537 2
1538 2
1539 2
1540 2
1541 3
1542 2
1543 3
1544 3
1545 2
1546 2
1547 2
1548 3
1549 3
1550 3
1551 3
1552 3
1553 2
1554 2
1555 2
1556 0
1557 2
1558 3
1559 3
1560 3
1561 0
1562 2
1563 3
1564 2
1565 2
1566 2
1567 3
1568 3
1569 2
1570 2
1571 2
1572 3
1573 2
1574 2
1575 2
1576 3
1577 3
1578 3
1579 0
1580 0
1581 0
1582 3
1583 3
1584 2
1585 2
1586 2
1587 0
1588 0
1589 0
1590 3
1591 3
1592 2
1593 2
1594 2
1595 2
1596 3
1597 0
1598 3
1599 3
1600 2
1601 3
1602 2
1603 3
1604 2
1605 2
1606 2
1607 3
1608 2
1609 2
1610 2
1611 3
1612 2
1613 3
1614 3
1615 3
1616 3
1617 2
1618 0
1619 3
1620 2
1621 2
1622 3
1623 2
1624 2
1625 3
1626 2
1627 3
1628 0
1629 2
1630 3
1631 3
1632 3
1633 2
1634 2
1635 3
1636 1
1637 1
1638 2
1639 1
1640 1
1641 2
1642 2
1643 2
1644 2
1645 1
1646 1
1647 1
1648 1
1649 1
1650 2
1651 1
1652 2
1653 2
1654 1
1655 2
1656 1
1657 2
1658 1
1659 2
1660 1
1661 2
1662 1
1663 0
1664 2
1665 0
1666 1
1667 1
1668 1
1669 1
1670 2
1671 1
1672 1
1673 2
1674 1
1675 1
1676 2
1677 2
1678 1
1679 1
1680 2
1681 1
1682 1
1683 1
1684 1
1685 2
1686 1
1687 2
1688 1
1689 2
1690 1
1691 1
1692 1
1693 1
1694 2
1695 2
1696 2
1697 1
1698 1
1699 2
1700 2
1701 1
1702 2
1703 1
1704 1
1705 1
1706 2
1707 1
1708 1
1709 2
1710 2
1711 1
1712 1
1713 1
1714 1
1715 0
1716 2
1717 1
1718 2
1719 2
1720 2
1721 2
1722 0
1723 1
1724 2
1725 1
1726 1
1727 0
1728 2
1729 1
1730 2
1731 0
1732 2
1733 2
1734 2
1735 2
1736 2
1737 1
1738 2
1739 1
1740 0
1741 1
1742 1
1743 2
1744 2
1745 2
1746 1
1747 0
1748 1
1749 1
1750 1
1751 1
1752 2
1753 1
1754 2
1755 2
1756 2
1757 1
1758 1
1759 1
1760 1
1761 1
1762 2
1763 1
1764 1
1765 0
1766 2
1767 2
1768 0
1769 1
1770 1
1771 2
1772 2
1773 2
1774 2
1775 2
1776 2
1777 0
1778 1
1779 2
1780 1
1781 1
1782 2
1783 1
1784 1
1785 1
1786 2
1787 1
1788 2
1789 1
1790 2
1791 1
1792 2
1793 2
1794 1
1795 2
1796 1
1797 0
1798 2
1799 0
1800 1
1801 2
1802 1
1803 2
1804 1
1805 2
1806 1
1807 2
1808 2
1809 0
1810 2
1811 1
1812 1
1813 1
1814 2
1815 2
1816 2
1817 2
1818 2
1819 0
1820 2
1821 1
1822 1
1823 2
1824 1
1825 2
1826 2
1827 2
1828 2
1829 2
1830 0
1831 2
1832 1
1833 2
1834 1
1835 2
1836 2
1837 2
1838 1
1839 0
1840 2
1841 2
1842 2
1843 0
1844 1
1845 1
1846 2
1847 1
1848 2
1849 2
1850 1
1851 2
1852 1
1853 2
1854 2
1855 0
1856 2
1857 2
1858 1
1859 2
1860 1
1861 2
1862 0
1863 1
1864 1
1865 2
1866 2
1867 2
1868 1
1869 1
1870 1
1871 1
1872 0
1873 1
1874 1
1875 0
1876 0
1877 2
1878 1
1879 1
1880 2
1881 1
1882 0
1883 1
1884 1
1885 2
1886 0
1887 1
1888 1
1889 2
1890 2
1891 1
1892 1
1893 2
1894 2
1895 2
1896 1
1897 1
1898 2
1899 2
1900 2
1901 2
1902 2
1903 1
1904 1
1905 2
1906 0
1907 1
1908 1
1909 1
1910 1
1911 2
1912 0
1913 2
1914 1
1915 1
1916 1
1917 1
1918 0
1919 2
1920 0
1921 1
1922 2
1923 1
1924 1
1925 1
1926 0
1927 1
1928 1
1929 1
1930 2
1931 1
1932 0
1933 1
1934 1
1935 1
1936 1
1937 2
1938 1
1939 1
1940 2
1941 2
1942 2
1943 1
1944 1
1945 2
1946 1
1947 2
1948 2
1949 2
1950 1
1951 2
1952 2
1953 2
1954 1
1955 2
1956 1
1957 1
1958 1
1959 1
1960 2
1961 2
1962 1
1963 2
1964 1
1965 1
1966 2
1967 2
1968 1
1969 2
1970 1
1971 2
1972 1
1973 2
1974 1
1975 2
1976 2
1977 1
1978 1
1979 1
1980 0
1981 1
1982 0
1983 2
1984 2
1985 2
1986 2
1987 1
1988 2
1989 1
1990 0
1991 1
1992 2
1993 2
1994 2
1995 2
1996 2
1997 2
1998 2
1999 1
2000 2
2001 0
2002 1
2003 1
2004 1
2005 2
2006 0
2007 2
2008 2
2009 2
2010 0
2011 1
2012 0
2013 1
2014 2
2015 1
2016 1
2017 1
2018 1
2019 0
2020 1
2021 2
2022 0
2023 1
2024 1
2025 2
2026 2
2027 2
2028 1
2029 2
2030 2
2031 2
2032 2
2033 0
2034 1
2035 1
2036 2
2037 2
2038 1
2039 2
2040 2
2041 1
2042 2
2043 2
2044 1
2045 0
2046 1
2047 1
2048 1
2049 1
2050 2
2051 2
2052 1
2053 2
2054 2
2055 2
2056 2
2057 2
2058 0
2059 1
2060 0
2061 2
2062 1
2063 2
2064 0
2065 1
2066 2
2067 2
2068 2
2069 2
2070 0
2071 1
2072 2
2073 2
2074 2
2075 2
2076 1
2077 1
2078 2
2079 2
2080 1
2081 1
2082 0
2083 1
2084 1
2085 1
2086 1
2087 2
2088 0
2089 1
2090 1
2091 1
2092 1
2093 1
2094 2
2095 0
2096 1
2097 1
2098 2
2099 2
2100 1
2101 1
2102 0
2103 1
2104 1
2105 2
2106 1
2107 2
2108 1
2109 0
2110 1
2111 2
2112 1
2113 2
2114 1
2115 0
2116 1
2117 1
2118 1
2119 2
2120 1
2121 1
2122 2
2123 1
2124 1
2125 2
2126 1
2127 2
2128 0
2129 2
2130 2
2131 2
2132 2
2133 2
2134 2
2135 2
2136 2
2137 1
2138 2
2139 1
2140 0
2141 1
2142 1
2143 2
2144 2
2145 1
2146 2
2147 1
2148 0
2149 1
2150 2
2151 1
2152 1
2153 1
2154 2
2155 1
2156 1
2157 1
2158 1
2159 1
2160 1
2161 1
2162 1
2163 1
2164 2
2165 1
2166 1
2167 0
2168 2
2169 1
2170 1
2171 1
2172 1
2173 1
2174 1
2175 1
2176 2
2177 0
2178 0
2179 2
2180 1
2181 2
2182 1
2183 2
2184 1
2185 1
2186 1
2187 2
2188 2
2189 2
2190 2
2191 2
2192 1
2193 1
2194 0
2195 2
2196 2
2197 1
2198 1
2199 1
2200 1
2201 0
2202 1
2203 1
2204 2
2205 2
2206 1
2207 1
2208 2
2209 0
2210 0
2211 2
2212 1
2213 0
2214 2
2215 2
2216 2
2217 1
2218 2
2219 3
2220 3
2221 0
2222 3
2223 2
2224 3
2225 0
2226 2
2227 0
2228 3
2229 3
2230 3
2231 0
2232 3
2233 3
2234 3
2235 3
2236 3
2237 0
2238 3
2239 3
2240 0
2241 3
2242 3
2243 3
2244 3
2245 0
2246 3
2247 3
2248 3
2249 0
2250 3
2251 3
2252 3
2253 3
2254 0
2255 0
2256 0
2257 0
2258 3
2259 3
2260 0
2261 3
2262 3
2263 3
2264 3
2265 0
2266 3
2267 3
2268 0
2269 0
2270 3
2271 0
2272 2
2273 3
2274 0
2275 3
2276 3
2277 3
2278 3
2279 3
2280 3
2281 3
2282 2
2283 3
2284 0
2285 3
2286 3
2287 3
2288 0
2289 3
2290 3
2291 3
2292 3
2293 3
2294 3
2295 3
2296 3
2297 0
2298 0
2299 0
2300 3
2301 0
2302 3
2303 3
2304 3
2305 3
2306 3
2307 3
2308 0
2309 3
2310 0
2311 0
2312 3
2313 3
2314 0
2315 0
2316 3
2317 3
2318 3
2319 3
2320 3
2321 3
2322 3
2323 3
2324 3
2325 3
2326 0
2327 3
2328 3
2329 2
2330 2
2331 2
2332 3
2333 3
2334 3
2335 3
2336 0
2337 3
2338 3
2339 3
2340 3
2341 0
2342 3
2343 2
2344 0
2345 0
2346 3
2347 2
2348 0
2349 3
2350 0
2351 0
2352 0
2353 2
2354 0
2355 3
2356 3
2357 2
2358 0
2359 3
2360 3
2361 3
2362 2
2363 3
2364 3
2365 3
2366 0
2367 3
2368 0
2369 3
2370 0
2371 3
2372 0
2373 0
2374 3
2375 0
2376 3
2377 0
2378 3
2379 0
2380 3
2381 3
2382 3
2383 3
2384 2
2385 3
2386 3
2387 3
2388 3
2389 3
2390 3
2391 3
2392 0
2393 3
2394 0
2395 0
2396 3
2397 0
2398 3
2399 2
2400 3
2401 3
2402 2
2403 3
2404 3
2405 2
2406 0
2407 3
2408 2
2409 3
2410 3
2411 2
2412 3
2413 0
2414 3
2415 3
2416 3
2417 2
2418 3
2419 3
2420 0
2421 3
2422 0
2423 3
2424 3
2425 3
2426 3
2427 3
2428 2
2429 3
2430 3
2431 3
2432 3
2433 3
2434 2
2435 3
2436 3
2437 3
2438 3
2439 3
2440 3
2441 0
2442 2
2443 3
2444 3
2445 3
2446 0
2447 2
2448 0
2449 3
2450 3
2451 3
2452 3
2453 3
2454 3
2455 3
2456 3
2457 3
2458 3
2459 3
2460 2
2461 3
2462 2
2463 3
2464 3
2465 3
2466 3
2467 3
2468 2
2469 3
2470 3
2471 3
2472 0
2473 3
2474 2
2475 0
2476 2
2477 2
2478 3
2479 3
2480 2
2481 0
2482 3
2483 2
2484 0
2485 3
2486 0
2487 3
2488 3
2489 3
2490 2
2491 3
2492 3
2493 3
2494 3
2495 3
2496 3
2497 3
2498 0
2499 3
2500 3
2501 2
2502 3
2503 2
2504 3
2505 3
2506 3
2507 3
2508 3
2509 3
2510 3
2511 2
2512 3
2513 3
2514 3
2515 2
2516 0
2517 3
2518 3
2519 0
2520 3
2521 3
2522 0
2523 0
2524 3
2525 3
2526 0
2527 3
2528 3
2529 3
2530 3
2531 0
2532 0
2533 0
2534 0
2535 0
2536 0
2537 3
2538 0
2539 0
2540 0
2541 0
2542 0
2543 3
2544 0
2545 3
2546 3
2547 3
2548 3
2549 3
2550 0
2551 3
2552 3
2553 0
2554 0
2555 3
2556 3
2557 3
2558 0
2559 3
2560 3
2561 3
2562 2
2563 3
2564 3
2565 0
2566 3
2567 0
2568 3
2569 0
2570 0
2571 3
2572 3
2573 3
2574 3
2575 3
2576 3
2577 3
2578 3
2579 3
2580 3
2581 3
2582 3
2583 0
2584 2
2585 0
2586 3
2587 0
2588 3
2589 3
2590 3
2591 3
2592 2
2593 2
2594 0
2595 3
2596 3
2597 3
2598 3
2599 3
2600 3
2601 0
2602 2
2603 3
2604 3
2605 3
2606 3
2607 3
2608 3
2609 0
2610 3
2611 2
2612 0
2613 3
2614 0
2615 0
2616 3
2617 3
2618 3
2619 3
2620 3
2621 3
2622 0
2623 0
2624 2
2625 0
2626 3
2627 3
2628 3
2629 3
2630 3
2631 2
2632 3
2633 3
2634 0
2635 2
2636 3
2637 3
2638 0
2639 3
2640 3
2641 0
2642 3
2643 2
2644 0
2645 3
2646 3
2647 3
2648 0
2649 3
2650 0
2651 3
2652 0
2653 2
2654 0
2655 2
2656 3
2657 3
2658 0
2659 0
2660 2
2661 2
2662 3
2663 3
2664 3
2665 3
2666 2
2667 0
2668 3
2669 0
2670 2
2671 0
2672 3
2673 0
2674 2
2675 3
2676 2
2677 0
2678 0
2679 3
2680 0
2681 0
2682 3
2683 3
2684 3
2685 2
2686 3
2687 2
2688 3
2689 0
2690 3
2691 0
2692 3
2693 0
2694 3
2695 3
2696 2
2697 3
2698 3
2699 2
2700 3
2701 3
2702 0
2703 3
2704 0
2705 3
2706 3
2707 0
2708 0
2709 0
2710 3
2711 3
2712 2
2713 3
2714 2
2715 3
2716 3
2717 0
2718 0
2719 3
2720 0
2721 2
2722 3
2723 3
2724 3
2725 3
2726 2
2727 3
2728 0
2729 3
2730 0
2731 3
2732 3
2733 3
2734 2
2735 3
2736 3
2737 3
2738 3
2739 3
2740 3
2741 3
2742 3
2743 3
2744 3
2745 3
2746 3
2747 0
2748 3
2749 3
2750 3
2751 3
2752 0
2753 3
2754 3
2755 3
2756 3
2757 3
2758 0
2759 3
2760 3
2761 3
2762 3
2763 0
2764 3
2765 2
2766 3
2767 2
2768 0
2769 3
2770 3
2771 0
2772 3
2773 2
2774 0
2775 3
2776 3
2777 3
2778 2
2779 3
2780 3
2781 3
2782 3
2783 3
2784 3
2785 3
2786 0
2787 2
2788 0
2789 3
2790 3
2791 3
2792 2
2793 3
2794 3
2795 3
2796 0
2797 3
2798 0
2799 2
2800 3
2801 2
2802 3
2803 3
2804 0
2805 3
2806 3
2807 3
2808 3
2809 3
2810 2
2811 0
2812 0
2813 2
2814 0
2815 0
2816 3
2817 2
2818 3
2819 0
2820 3
2821 0
2822 3
2823 0
2824 3
2825 3
2826 0
2827 2
2828 3
2829 0
2830 0
2831 0
2832 3
2833 0
2834 3
2835 3
2836 3
2837 0
2838 2
2839 3
2840 0
2841 3
2842 3
2843 0
2844 0
2845 0
2846 3
2847 0
2848 3
2849 0
2850 0
2851 2
2852 3
2853 0
2854 3
2855 3
2856 3
2857 0
2858 0
2859 3
2860 3
2861 3
2862 3
2863 2
2864 3
2865 3
2866 3
2867 0
2868 3
2869 0
2870 3
2871 3
2872 3
2873 0
2874 0
2875 0
2876 3
2877 0
2878 0
2879 0
2880 3
2881 2
2882 3
2883 0
2884 0
2885 3
2886 0
2887 0
2888 3
2889 0
2890 3
2891 0
2892 0
2893 2
2894 3
2895 3
2896 3
2897 2
2898 3
2899 3
2900 2
2901 2
2902 2
2903 3
2904 2
2905 3
2906 0
2907 0
2908 3
2909 0
2910 0
2911 3
2912 3
2913 3
2914 0
2915 3
2916 3
2917 0
2918 0
2919 3
2920 3
2921 3
2922 3
2923 0
2924 3
2925 2
2926 3
2927 0
2928 3
2929 0
2930 0
2931 3
2932 3
2933 0
2934 0
2935 3
2936 3
2937 3
2938 3
2939 0
2940 2
2941 3
2942 3
2943 3
2944 3
2945 0
2946 0
2947 0
2948 0
2949 3
2950 3
2951 0
2952 3
2953 3
2954 3
2955 3
2956 0
2957 3
2958 3
2959 3
2960 2
2961 0
2962 3
2963 3
2964 2
2965 3
2966 3
2967 3
2968 2
2969 3
2970 0
2971 0
2972 3
2973 0
2974 0
2975 3
2976 3
2977 2
2978 0
2979 3
2980 2
2981 0
2982 0
2983 3
2984 0
2985 2
2986 3
2987 3
2988 0
2989 3
2990 3
2991 3
2992 3
2993 0
2994 2
2995 3
2996 3
2997 2
2998 0
2999 3
3000 0
3001 2
3002 3
3003 0
3004 3
3005 3
3006 0
3007 2
3008 2
3009 3
3010 3
3011 3
3012 3
3013 3
3014 3
3015 3
3016 3
3017 0
3018 3
3019 0
3020 0
3021 3
3022 3
3023 3
3024 3
3025 0
3026 0
3027 3
3028 0
3029 3
3030 3
3031 3
3032 3
3033 3
3034 3
3035 0
3036 3
3037 2
3038 3
3039 0
3040 3
3041 0
3042 3
3043 2
3044 3
3045 3
3046 0
3047 0
3048 3
3049 0
3050 3
3051 2
3052 0
3053 3
3054 3
3055 3
3056 3
3057 3
3058 3
3059 0
3060 3
3061 3
3062 2
3063 3
3064 3
3065 0
3066 0
3067 3
3068 3
3069 3
3070 3
3071 3
3072 3
3073 3
3074 3
3075 3
3076 3
3077 3
3078 3
3079 3
3080 3
3081 3
3082 3
3083 3
3084 2
3085 3
3086 0
3087 3
3088 3
3089 0
3090 3
3091 3
3092 0
3093 0
3094 3
3095 3
3096 2
3097 3
3098 3
3099 3
3100 3
3101 3
3102 0
3103 3
3104 3
3105 2
3106 3
3107 3
3108 3
3109 3
3110 3
3111 3
3112 3
3113 3
3114 2
3115 3
3116 2
3117 3
3118 3
3119 2
3120 3
3121 3
3122 2
3123 3
3124 0
3125 3
3126 0
3127 3
3128 3
3129 3
3130 3
3131 3
3132 0
3133 3
3134 3
3135 3
3136 0
3137 0
3138 3
3139 3
3140 0
3141 0
3142 0
3143 3
3144 0
3145 3
3146 0
3147 0
3148 3
3149 3
3150 0
3151 3
3152 0
3153 0
3154 3
3155 0
3156 0
3157 3
3158 3
3159 0
3160 0
3161 3
3162 3
3163 3
3164 3
3165 3
3166 0
3167 3
3168 3
3169 3
3170 3
3171 3
3172 0
3173 3
3174 3
3175 3
3176 3
3177 0
3178 3
3179 3
3180 0
3181 3
3182 0
3183 3
3184 0
3185 3
3186 0
3187 0
3188 3
3189 3
3190 2
3191 3
3192 3
3193 3
3194 3
3195 0
3196 3
3197 3
3198 3
3199 3
3200 3
3201 0
3202 3
3203 3
3204 3
3205 3
3206 3
3207 3
3208 0
3209 3
3210 0
3211 3
3212 3
3213 0
3214 3
3215 3
3216 3
3217 3
3218 3
3219 3
3220 3
3221 3
3222 3
3223 3
3224 3
3225 3
3226 3
3227 3
3228 3
3229 3
3230 3
3231 0
3232 3
3233 3
3234 3
3235 3
3236 3
3237 2
3238 3
3239 3
3240 3
3241 2
3242 2
3243 3
3244 3
3245 3
3246 3
3247 0
3248 3
3249 3
3250 2
3251 3
3252 3
3253 3
3254 3
3255 3
3256 3
3257 3
3258 0
3259 0
3260 3
3261 3
3262 3
3263 3
3264 3
3265 3
3266 0
3267 3
3268 0
3269 3
3270 3
3271 3
3272 3
3273 3
3274 3
3275 3
3276 3
3277 3
3278 0
3279 3
3280 3
3281 0
3282 3
3283 3
3284 2
3285 3
3286 3
3287 3
3288 3
3289 2
3290 2
3291 3
3292 0
3293 3
3294 3
3295 0
3296 3
3297 3
3298 3
3299 3
3300 3
3301 0
3302 3
3303 3
3304 3
3305 3
3306 3
3307 3
3308 3
3309 3
3310 3
3311 3
3312 3
3313 0
3314 3
3315 0
3316 3
3317 0
3318 3
3319 3
3320 3
3321 3
3322 2
3323 2
3324 3
3325 2
3326 3
3327 3
3328 2
3329 2
3330 3
3331 3
3332 2
3333 2
3334 2
3335 3
3336 2
3337 2
3338 0
3339 2
3340 3
3341 3
3342 0
3343 2
3344 3
3345 3
3346 2
3347 3
3348 2
3349 3
3350 2
3351 3
3352 3
3353 3
3354 3
3355 0
3356 3
3357 0
3358 2
3359 3
3360 3
3361 3
3362 2
3363 3
3364 3
3365 2
3366 2
3367 0
3368 2
3369 3
3370 3
3371 2
3372 3
3373 2
3374 3
3375 2
3376 0
3377 2
3378 3
3379 3
3380 3
3381 2
3382 2
3383 3
3384 2
3385 0
3386 3
3387 3
3388 0
3389 2
3390 0
3391 3
3392 3
3393 2
3394 0
3395 3
3396 3
3397 3
3398 3
3399 2
3400 0
3401 2
3402 0
3403 3
3404 2
3405 0
3406 3
3407 3
3408 3
3409 0
3410 3
3411 2
3412 2
3413 3
3414 0
3415 3
3416 0
3417 3
3418 0
3419 3
3420 2
3421 3
3422 3
3423 3
3424 0
3425 3
3426 3
3427 2
3428 3
3429 3
3430 0
3431 3
3432 0
3433 3
3434 0
3435 0
3436 0
3437 0
3438 0
3439 3
3440 2
3441 3
3442 3
3443 0
3444 0
3445 3
3446 3
3447 0
3448 2
3449 2
3450 0
3451 0
3452 3
3453 3
3454 0
3455 3
3456 0
3457 2
3458 3
3459 3
3460 3
3461 3
3462 3
3463 2
3464 3
3465 3
3466 0
3467 2
3468 2
3469 2
3470 0
3471 2
3472 2
3473 0
3474 3
3475 2
3476 2
3477 2
3478 3
3479 0
3480 3
3481 3
3482 3
3483 2
3484 3
3485 3
3486 2
3487 0
3488 0
3489 0
3490 3
3491 3
3492 3
3493 3
3494 3
3495 2
3496 3
3497 3
3498 3
3499 3
3500 2
3501 3
3502 2
3503 0
3504 2
3505 2
3506 2
3507 0
3508 3
3509 0
3510 3
3511 0
3512 3
3513 0
3514 3
3515 2
3516 2
3517 2
3518 2
3519 3
3520 2
3521 3
3522 3
3523 3
3524 2
3525 3
3526 3
3527 2
3528 3
3529 3
3530 3
3531 3
3532 3
3533 0
3534 2
3535 3
3536 0
3537 2
3538 2
3539 0
3540 0
3541 0
3542 3
3543 2
3544 0
3545 3
3546 2
3547 3
3548 2
3549 2
3550 3
3551 3
3552 0
3553 2
3554 2
3555 3
3556 0
3557 3
3558 2
3559 2
3560 3
3561 3
3562 3
3563 2
3564 2
3565 0
3566 2
3567 0
3568 0
3569 0
3570 2
3571 2
3572 3
3573 3
3574 0
3575 3
3576 3
3577 3
3578 0
3579 3
3580 0
3581 2
3582 2
3583 3
3584 2
3585 3
3586 0
3587 3
3588 3
3589 3
3590 2
3591 3
3592 0
3593 3
3594 3
3595 3
3596 3
3597 0
3598 0
3599 3
3600 3
3601 3
3602 3
3603 3
3604 3
3605 0
3606 0
3607 3
3608 0
3609 2
3610 3
3611 2
3612 2
3613 3
3614 3
3615 0
3616 3
3617 2
3618 3
3619 3
3620 3
3621 0
3622 3
3623 2
3624 3
3625 3
3626 0
3627 3
3628 2
3629 3
3630 0
3631 2
3632 3
3633 3
3634 2
3635 2
3636 2
3637 2
3638 2
3639 2
3640 3
3641 0
3642 2
3643 2
3644 2
3645 2
3646 3
3647 3
3648 3
3649 0
3650 0
3651 3
3652 3
3653 0
3654 3
3655 2
3656 2
3657 3
3658 3
3659 3
3660 3
3661 3
3662 0
3663 3
3664 3
3665 2
3666 3
3667 2
3668 2
3669 0
3670 0
3671 3
3672 3
3673 0
3674 3
3675 3
3676 3
3677 2
3678 2
3679 2
3680 2
3681 2
3682 3
3683 2
3684 2
3685 0
3686 3
3687 2
3688 2
3689 2
3690 0
3691 3
3692 2
3693 2
3694 2
3695 2
3696 3
3697 3
3698 3
3699 3
3700 3
3701 3
3702 2
3703 3
3704 0
3705 2
3706 0
3707 0
3708 2
3709 2
3710 3
3711 3
3712 2
3713 2
3714 0
3715 2
3716 3
3717 3
3718 3
3719 0
3720 3
3721 3
3722 3
3723 3
3724 0
3725 3
3726 2
3727 3
3728 2
3729 3
3730 3
3731 2
3732 3
3733 0
3734 3
3735 2
3736 3
3737 0
3738 0
3739 3
3740 3
3741 3
3742 3
3743 2
3744 2
3745 0
3746 2
3747 0
3748 3
3749 3
3750 2
3751 0
3752 0
3753 3
3754 3
3755 3
3756 2
3757 3
3758 2
3759 2
3760 3
3761 2
3762 0
3763 3
3764 0
3765 0
3766 3
3767 3
3768 2
3769 2
3770 2
3771 3
3772 3
3773 3
3774 2
3775 3
3776 3
3777 3
3778 2
3779 3
3780 2
3781 3
3782 0
3783 3
3784 2
3785 3
3786 3
3787 2
3788 0
3789 0
3790 3
3791 2
3792 0
3793 3
3794 3
3795 3
3796 2
3797 2
3798 0
3799 2
3800 2
3801 2
3802 3
3803 3
3804 2
3805 3
3806 3
3807 3
3808 0
3809 0
3810 2
3811 2
3812 2
3813 2
3814 0
3815 0
3816 3
3817 3
3818 2
3819 3
3820 0
3821 3
3822 3
3823 2
3824 3
3825 3
3826 3
3827 2
3828 2
3829 2
3830 3
3831 2
3832 3
3833 2
3834 0
3835 0
3836 3
3837 3
3838 3
3839 3
3840 2
3841 3
3842 3
3843 2
3844 3
3845 3
3846 2
3847 3
3848 0
3849 2
3850 2
3851 3
3852 0
3853 0
3854 0
3855 3
3856 3
3857 0
3858 2
3859 2
3860 3
3861 2
3862 2
3863 2
3864 3
3865 0
3866 0
3867 2
3868 2
3869 2
3870 2
3871 3
3872 3
3873 3
3874 3
3875 2
3876 2
3877 0
3878 3
3879 0
3880 2
3881 3
3882 2
3883 0
3884 3
3885 3
3886 3
3887 3
3888 2
3889 3
3890 3
3891 3
3892 3
3893 3
3894 2
3895 2
3896 2
3897 0
3898 3
3899 2
3900 3
3901 3
3902 2
3903 2
3904 0
3905 0
3906 3
3907 3
3908 3
3909 3
3910 0
3911 3
3912 2
3913 3
3914 0
3915 2
3916 2
3917 3
3918 0
3919 3
3920 3
3921 3
3922 3
3923 0
3924 3
3925 3
3926 2
3927 3
3928 0
3929 2
3930 3
3931 3
3932 0
3933 3
3934 2
3935 0
3936 3
3937 3
3938 3
3939 2
3940 0
3941 3
3942 3
3943 3
3944 3
3945 0
3946 3
3947 3
3948 3
3949 3
3950 2
3951 3
3952 2
3953 2
3954 3
3955 2
3956 2
3957 0
3958 3
3959 3
3960 0
3961 3
3962 0
3963 3
3964 2
3965 3
3966 2
3967 1
3968 1
3969 1
3970 1
3971 1
3972 1
3973 1
3974 1
3975 1
3976 2
3977 1
3978 2
3979 0
3980 0
3981 2
3982 1
3983 1
3984 2
3985 1
3986 2
3987 1
3988 1
3989 1
3990 1
3991 0
3992 0
3993 1
3994 1
3995 2
3996 1
3997 1
3998 2
3999 1
4000 1
4001 0
4002 2
4003 2
4004 0
4005 2
4006 2
4007 0
4008 2
4009 1
4010 2
4011 1
4012 1
4013 1
4014 1
4015 2
4016 1
4017 1
4018 2
4019 1
4020 1
4021 1
4022 1
4023 1
4024 1
4025 1
4026 2
4027 1
4028 2
4029 1
4030 2
4031 1
4032 1
4033 1
4034 1
4035 2
4036 1
4037 1
4038 2
4039 1
4040 2
4041 1
4042 1
4043 1
4044 2
4045 1
4046 0
4047 1
4048 1
4049 2
4050 1
4051 2
4052 0
4053 2
4054 1
4055 2
4056 2
4057 2
4058 2
4059 2
4060 1
4061 2
4062 0
4063 1
4064 1
4065 2
4066 2
4067 1
4068 1
4069 0
4070 0
4071 1
4072 1
4073 1
4074 1
4075 1
4076 2
4077 2
4078 0
4079 2
4080 2
4081 1
4082 0
4083 2
4084 2
4085 2
4086 0
4087 2
4088 1
4089 0
4090 2
4091 1
4092 1
4093 1
4094 0
4095 2
4096 1
4097 2
4098 1
4099 1
4100 2
4101 2
4102 1
4103 2
4104 2
4105 1
4106 2
4107 0
4108 2
4109 0
4110 2
4111 2
4112 2
4113 0
4114 1
4115 0
4116 0
4117 1
4118 0
4119 1
4120 2
4121 1
4122 2
4123 1
4124 2
4125 0
4126 0
4127 0
4128 0
4129 2
4130 0
4131 0
4132 1
4133 0
4134 0
4135 2
4136 1
4137 2
4138 2
4139 2
4140 1
4141 2
4142 2
4143 1
4144 1
4145 1
4146 1
4147 2
4148 1
4149 1
4150 1
4151 2
4152 1
4153 2
4154 2
4155 1
4156 2
4157 2
4158 1
4159 2
4160 1
4161 2
4162 1
4163 2
4164 2
4165 1
4166 1
4167 2
4168 2
4169 1
4170 1
4171 1
4172 1
4173 0
4174 2
4175 2
4176 2
4177 1
4178 0
4179 2
4180 0
4181 2
4182 0
4183 2
4184 1
4185 1
4186 2
4187 2
4188 2
4189 2
4190 0
4191 2
4192 2
4193 1
4194 2
4195 2
4196 1
4197 1
4198 2
4199 0
4200 2
4201 2
4202 2
4203 1
4204 1
4205 2
4206 2
4207 2
4208 2
4209 2
4210 2
4211 2
4212 2
4213 1
4214 2
4215 2
4216 1
4217 1
4218 0
4219 1
4220 1
4221 2
4222 2
4223 1
4224 0
4225 2
4226 2
4227 2
4228 2
4229 2
4230 2
4231 1
4232 2
4233 2
4234 2
4235 1
4236 1
4237 2
4238 2
4239 1
4240 0
4241 2
4242 2
4243 2
4244 2
4245 1
4246 1
4247 2
4248 1
4249 2
4250 2
4251 2
4252 1
4253 1
4254 1
4255 1
4256 1
4257 1
4258 1
4259 1
4260 1
4261 0
4262 1
4263 1
4264 2
4265 1
4266 2
4267 1
4268 2
4269 0
4270 1
4271 1
4272 2
4273 2
4274 2
4275 2
4276 1
4277 2
4278 2
4279 1
4280 2
4281 2
4282 2
4283 1
4284 1
4285 2
4286 2
4287 0
4288 2
4289 2
4290 2
4291 1
4292 1
4293 2
4294 2
4295 1
4296 0
4297 1
4298 0
4299 1
4300 2
4301 2
4302 1
4303 1
4304 1
4305 1
4306 0
4307 0
4308 1
4309 1
4310 2
4311 2
4312 1
4313 1
4314 0
4315 2
4316 1
4317 1
4318 1
4319 2
4320 1
4321 1
4322 2
4323 1
4324 1
4325 2
4326 2
4327 2
4328 2
4329 1
4330 1
4331 2
4332 1
4333 0
4334 2
4335 1
4336 0
4337 1
4338 1
4339 2
4340 0
4341 2
4342 1
4343 1
4344 1
4345 2
4346 2
4347 2
4348 2
4349 1
4350 0
4351 0
4352 0
4353 2
4354 1
4355 2
4356 1
4357 1
4358 0
4359 1
4360 2
4361 1
4362 2
4363 1
4364 0
4365 1
4366 1
4367 1
4368 1
4369 2
4370 1
4371 2
4372 2
4373 1
4374 2
4375 1
4376 1
4377 1
4378 1
4379 2
4380 2
4381 1
4382 2
4383 1
4384 1
4385 1
4386 1
4387 2
4388 1
4389 1
4390 1
4391 1
4392 1
4393 1
4394 2
4395 2
4396 0
4397 1
4398 2
4399 2
4400 1
4401 2
4402 1
4403 2
4404 2
4405 0
4406 0
4407 0
4408 2
4409 2
4410 1
4411 2
4412 1
4413 0
4414 1
4415 2
4416 1
4417 1
4418 2
4419 1
4420 1
4421 1
4422 0
4423 2
4424 2
4425 0
4426 1
4427 0
4428 0
4429 1
4430 0
4431 2
4432 1
4433 2
4434 2
4435 2
4436 2
4437 2
4438 0
4439 1
4440 1
4441 2
4442 2
4443 1
4444 2
4445 1
4446 1
4447 2
4448 1
4449 1
4450 1
4451 1
4452 1
4453 2
4454 2
4455 2
4456 1
4457 2
4458 0
4459 2
4460 1
4461 1
4462 1
4463 2
4464 2
4465 1
4466 1
4467 1
4468 2
4469 0
4470 1
4471 2
4472 2
4473 2
4474 2
4475 0
4476 1
4477 0
4478 1
4479 1
4480 2
4481 1
4482 1
4483 1
4484 2
4485 1
4486 0
4487 0
4488 1
4489 1
4490 2
4491 1
4492 1
4493 2
4494 2
4495 2
4496 1
4497 2
4498 1
4499 0
4500 1
4501 0
4502 2
4503 1
4504 1
4505 1
4506 1
4507 2
4508 1
4509 1
4510 2
4511 1
4512 2
4513 1
4514 2
4515 1
4516 2
4517 0
4518 2
4519 0
4520 0
4521 0
4522 0
4523 2
4524 0
4525 1
4526 1
4527 2
4528 1
4529 2
4530 0
4531 0
4532 1
4533 2
4534 1
4535 2
4536 1
4537 2
4538 1
4539 1
4540 0
4541 2
4542 1
4543 1
4544 1
4545 1
4546 1
4547 1
4548 1
4549 2
4550 1
4551 1
4552 1
4553 0
4554 1
4555 1
4556 2
4557 0
4558 1
4559 1
4560 1
4561 0
4562 1
4563 1
4564 1
4565 1
4566 2
4567 2
4568 2
4569 1
4570 2
4571 1
4572 1
4573 1
4574 1
4575 2
4576 1
4577 1
4578 1
4579 1
4580 0
4581 2
4582 2
4583 1
4584 0
4585 0
4586 0
4587 2
4588 0
4589 1
4590 1
4591 1
4592 0
4593 1
4594 1
4595 1
4596 2
4597 1
4598 1
4599 0
4600 1
4601 1
4602 1
4603 1
4604 1
4605 2
4606 1
4607 1
4608 0
4609 1
4610 2
4611 1
4612 1
4613 1
4614 0
4615 2
4616 0
4617 2
4618 1
4619 2
4620 1
4621 2
4622 1
4623 1
4624 1
4625 2
4626 0
4627 1
4628 1
4629 1
4630 1
4631 0
4632 0
4633 2
4634 1
4635 1
4636 2
4637 1
4638 1
4639 1
4640 1
4641 0
4642 1
4643 0
4644 1
4645 2
4646 1
4647 1
4648 1
4649 1
4650 1
4651 2
4652 1
4653 2
4654 2
4655 1
4656 2
4657 1
4658 1
4659 2
4660 0
4661 1
4662 2
4663 1
4664 1
4665 2
4666 2
4667 2
4668 1
4669 1
4670 1
4671 0
4672 1
4673 2
4674 1
4675 2
4676 1
4677 0
4678 1
4679 1
4680 1
4681 2
4682 1
4683 1
4684 1
4685 2
4686 1
4687 1
4688 2
4689 1
4690 2
4691 1
4692 2
4693 1
4694 2
4695 0
4696 1
4697 1
4698 2
4699 1
4700 2
4701 0
4702 1
4703 2
4704 2
4705 1
4706 2
4707 1
4708 0
4709 0
4710 1
4711 1
4712 0
4713 0
4714 1
4715 0
4716 1
4717 2
4718 2
4719 2
4720 1
4721 2
4722 1
4723 0
4724 0
4725 2
4726 1
4727 0
4728 2
4729 2
4730 0
4731 2
4732 0
4733 1
4734 2
4735 0
4736 2
4737 0
4738 2
4739 1
4740 1
4741 1
4742 2
4743 0
4744 0
4745 1
4746 0
4747 1
4748 1
4749 2
4750 1
4751 1
4752 0
4753 2
4754 1
4755 2
4756 2
4757 2
4758 1
4759 1
4760 1
4761 0
4762 0
4763 2
4764 1
4765 1
4766 0
4767 0
4768 2
4769 1
4770 2
4771 0
4772 1
4773 1
4774 2
4775 1
4776 2
4777 0
4778 1
4779 0
4780 2
4781 0
4782 2
4783 0
4784 2
4785 1
4786 1
4787 2
4788 1
4789 2
4790 2
4791 1
4792 1
4793 2
4794 2
4795 2
4796 0
4797 1
4798 2
4799 1
4800 0
4801 1
4802 0
4803 1
4804 2
4805 2
4806 1
4807 2
4808 2
4809 1
4810 1
4811 1
4812 1
4813 2
4814 2
4815 2
4816 2
4817 1
4818 1
4819 2
4820 2
4821 0
4822 2
4823 0
4824 0
4825 2
4826 1
4827 2
4828 1
4829 0
4830 0
4831 1
4832 2
4833 1
4834 1
4835 1
4836 2
4837 1
4838 2
4839 2
4840 2
4841 1
4842 0
4843 2
4844 2
4845 1
4846 0
4847 0
4848 1
4849 2
4850 0
4851 1
4852 1
4853 0
4854 1
4855 1
4856 2
4857 2
4858 2
4859 2
4860 2
4861 2
4862 2
4863 1
4864 2
4865 1
4866 0
4867 2
4868 2
4869 0
4870 1
4871 2
4872 0
4873 2
4874 2
4875 2
4876 1
4877 2
4878 2
4879 2
4880 1
4881 2
4882 0
4883 2
4884 2
4885 0
4886 1
4887 0
4888 2
4889 1
4890 1
4891 1
4892 1
4893 1
4894 0
4895 0
4896 2
4897 1
4898 0
4899 2
4900 1
4901 2
4902 1
4903 1
4904 1
4905 1
4906 1
4907 1
4908 1
4909 1
4910 1
4911 1
4912 1
4913 1
4914 1
4915 1
4916 2
4917 1
4918 0
4919 1
4920 2
4921 0
4922 1
4923 2
4924 1
4925 2
4926 2
4927 1
4928 1
4929 1
4930 1
4931 2
4932 1
4933 1
4934 2
4935 2
4936 1
4937 1
4938 2
4939 1
4940 1
4941 2
4942 1
4943 1
4944 1
4945 1
4946 1
4947 2
4948 2
4949 0
4950 1
4951 0
4952 2
4953 1
4954 2
4955 2
4956 0
4957 1
4958 1
4959 0
4960 2
4961 2
4962 1
4963 1
4964 2
4965 0
4966 1
4967 1
4968 1
4969 1
4970 2
4971 2
4972 2
4973 1
4974 2
4975 1
4976 0
4977 1
4978 2
4979 1
4980 1
4981 2
4982 2
4983 1
4984 2
4985 2
4986 2
4987 2
4988 1
4989 1
4990 0
4991 2
4992 2
4993 1
4994 1
4995 0
4996 0
4997 1
4998 1
4999 2
5000 1
5001 0
5002 2
5003 2
5004 1
5005 2
5006 1
5007 1
5008 1
5009 2
5010 1
5011 1
5012 2
5013 1
5014 2
5015 1
5016 1
5017 1
5018 2
5019 1
5020 1
5021 1
5022 2
5023 0
5024 2
5025 1
5026 2
5027 2
5028 2
5029 1
5030 1
5031 2
5032 2
5033 2
5034 0
5035 1
5036 1
5037 2
5038 0
5039 2
5040 0
5041 1
5042 1
5043 0
5044 2
5045 1
5046 1
5047 1
5048 2
5049 2
5050 2
5051 2
5052 2
5053 0
5054 1
5055 2
5056 0
5057 2
5058 0
5059 2
5060 1
5061 2
5062 1
5063 1
5064 1
5065 1
5066 1
5067 2
5068 0
5069 2
5070 1
5071 1
5072 0
5073 1
5074 1
5075 1
5076 0
5077 1
5078 2
5079 1
5080 0
5081 1
5082 2
5083 2
5084 0
5085 2
5086 1
5087 1
5088 1
5089 0
5090 1
5091 0
5092 1
5093 2
5094 2
5095 1
5096 1
5097 0
5098 2
5099 2
5100 1
5101 2
5102 1
5103 2
5104 0
5105 2
5106 1
5107 2
5108 0
5109 0
5110 0
5111 2
5112 2
5113 0
5114 1
5115 2
5116 1
5117 1
5118 0
5119 0
5120 0
5121 0
5122 2
5123 0
5124 1
5125 0
5126 0
5127 1
5128 1
5129 0
5130 1
5131 0
5132 0
5133 1
5134 1
5135 1
5136 0
5137 1
5138 1
5139 1
5140 1
5141 2
5142 2
5143 2
5144 2
5145 2
5146 1
5147 2
5148 2
5149 0
5150 1
5151 1
5152 1
5153 1
5154 2
5155 1
5156 1
5157 2
5158 2
5159 1
5160 1
5161 1
5162 1
5163 1
5164 1
5165 0
5166 0
5167 2
5168 1
5169 0
5170 0
5171 1
5172 0
5173 1
5174 0
5175 0
5176 1
5177 1
5178 1
5179 1
5180 0
5181 1
5182 1
5183 0
5184 1
5185 1
5186 1
5187 1
5188 0
5189 0
5190 1
5191 0
5192 1
5193 1
5194 1
5195 1
5196 1
5197 0
5198 1
5199 0
5200 1
5201 1
5202 1
5203 0
5204 2
5205 2
5206 2
5207 1
5208 1
5209 2
5210 2
5211 1
5212 0
5213 1
5214 1
5215 1
5216 1
5217 2
5218 1
5219 2
5220 0
5221 0
5222 1
5223 1
5224 0
5225 2
5226 0
5227 1
5228 0
5229 1
5230 0
5231 2
5232 0
5233 2
5234 0
5235 2
5236 1
5237 1
5238 2
5239 2
5240 1
5241 1
5242 1
5243 1
5244 2
5245 1
5246 1
5247 1
5248 2
5249 1
5250 1
5251 1
5252 2
5253 2
5254 1
5255 1
5256 2
5257 2
5258 1
5259 1
5260 2
5261 1
5262 1
5263 1
5264 2
5265 0
5266 0
5267 1
5268 0
5269 1
5270 1
5271 1
5272 1
5273 2
5274 2
5275 1
5276 2
5277 1
5278 1
5279 2
5280 1
5281 0
5282 2
5283 1
5284 1
5285 1
5286 0
5287 2
5288 2
5289 2
5290 1
5291 0
5292 1
5293 1
5294 1
5295 1
5296 1
5297 1
5298 1
5299 0
5300 2
5301 1
5302 1
5303 2
5304 2
5305 0
5306 0
5307 1
5308 1
5309 1
5310 1
5311 0
5312 1
5313 1
5314 1
5315 2
5316 2
5317 2
5318 0
5319 2
5320 2
5321 0
5322 1
5323 1
5324 0
5325 2
5326 1
5327 1
5328 0
5329 0
5330 0
5331 0
5332 2
5333 0
5334 0
5335 1
5336 0
5337 0
5338 1
5339 0
5340 2
5341 1
5342 1
5343 2
5344 1
5345 2
5346 0
5347 1
5348 0
5349 1
5350 1
5351 1
5352 1
5353 0
5354 0
5355 0
5356 0
5357 1
5358 1
5359 2
5360 1
5361 2
5362 1
5363 0
5364 2
5365 1
5366 2
5367 2
5368 0
5369 1
5370 0
5371 1
5372 2
5373 1
5374 1
5375 0
5376 2
5377 1
5378 2
5379 0
5380 1
5381 0
5382 0
5383 1
5384 1
5385 1
5386 1
5387 1
5388 2
5389 1
5390 2
5391 2
5392 1
5393 0
5394 0
5395 0
5396 1
5397 1
5398 0
5399 1
5400 1
5401 1
5402 1
5403 1
5404 0
5405 2
5406 2
5407 2
5408 2
5409 1
5410 2
5411 1
5412 1
5413 1
5414 1
5415 1
5416 1
5417 2
5418 1
5419 0
5420 2
5421 1
5422 0
5423 2
5424 1
5425 0
5426 0
5427 1
5428 2
5429 2
5430 1
5431 1
5432 2
5433 1
5434 2
5435 1
5436 1
5437 2
5438 1
5439 2
5440 2
5441 1
5442 0
5443 0
5444 1
5445 2
5446 1
5447 2
5448 2
5449 1
5450 1
5451 2
5452 1
5453 1
5454 1
5455 1
5456 2
5457 1
5458 1
5459 1
5460 1
5461 1
5462 1
5463 1
5464 1
5465 0
5466 1
5467 1
5468 2
5469 1
5470 1
5471 0
5472 2
5473 2
5474 1
5475 2
5476 1
5477 0
5478 1
5479 1
5480 2
5481 1
5482 1
5483 1
5484 0
5485 2
5486 1
5487 2
5488 0
5489 2
5490 1
5491 2
5492 0
5493 1
5494 1
5495 1
5496 2
5497 1
5498 2
5499 2
5500 0
5501 1
5502 0
5503 0
5504 2
5505 1
5506 2
5507 2
5508 2
5509 2
5510 1
5511 2
5512 1
5513 2
5514 0
5515 2
5516 2
5517 2
5518 2
5519 2
5520 2
5521 1
5522 1
5523 1
5524 1
5525 2
5526 0
5527 0
5528 1
5529 2
5530 0
5531 1
5532 0
5533 0
5534 1
5535 2
5536 0
5537 2
5538 2
5539 0
5540 0
5541 1
5542 0
5543 1
5544 1
5545 2
5546 2
5547 0
5548 1
5549 2
5550 1
5551 1
5552 1
5553 1
5554 1
5555 2
5556 1
5557 1
5558 1
5559 1
5560 2
5561 2
5562 1
5563 0
5564 1
5565 2
5566 1
5567 1
5568 1
5569 1
5570 2
5571 2
5572 1
5573 2
5574 2
5575 1
5576 1
5577 1
5578 1
5579 0
5580 1
5581 1
5582 2
5583 1
5584 2
5585 1
5586 0
5587 1
5588 2
5589 0
5590 0
5591 2
5592 1
5593 0
5594 0
5595 1
5596 1
5597 0
5598 2
5599 2
5600 1
5601 1
5602 1
5603 0
5604 0
5605 1
5606 0
5607 2
5608 0
5609 1
5610 0
5611 2
5612 0
5613 2
5614 0
5615 2
5616 1
5617 1
5618 2
5619 1
5620 2
5621 1
5622 1
5623 0
5624 1
5625 0
5626 0
5627 1
5628 2
5629 1
5630 1
5631 1
5632 2
5633 0
5634 1
5635 1
5636 1
5637 1
5638 1
5639 2
5640 1
5641 0
5642 1
5643 0
5644 2
5645 1
5646 2
5647 0
5648 2
5649 0
5650 2
5651 1
5652 1
5653 0
5654 2
5655 2
5656 0
5657 1
5658 2
5659 0
5660 1
5661 1
5662 2
5663 1
5664 1
5665 2
5666 2
5667 1
5668 1
5669 1
5670 1
5671 1
5672 1
5673 1
5674 0
5675 0
5676 0
5677 1
5678 1
5679 0
5680 0
5681 2
5682 2
5683 0
5684 1
5685 1
5686 0
5687 1
5688 2
5689 0
5690 2
5691 1
5692 2
5693 1
5694 1
5695 0
5696 0
5697 2
5698 1
5699 2
5700 1
5701 1
5702 0
5703 0
5704 2
5705 1
5706 0
5707 0
5708 0
5709 1
5710 2
5711 0
5712 0
5713 1
5714 1
5715 0
5716 1
5717 0
5718 0
5719 0
5720 2
5721 0
5722 0
5723 1
5724 1
5725 2
5726 1
5727 0
5728 1
5729 2
5730 0
5731 0
5732 2
5733 1
5734 0
5735 1
5736 2
5737 2
5738 2
5739 2
5740 0
5741 2
5742 2
5743 0
5744 1
5745 1
5746 0
5747 0
5748 2
5749 0
5750 1
5751 1
5752 1
5753 1
5754 0
5755 1
5756 1
5757 1
5758 1
5759 1
5760 1
5761 0
5762 1
5763 0
5764 1
5765 0
5766 1
5767 1
5768 2
5769 2
5770 1
5771 0
5772 1
5773 2
5774 1
5775 2
5776 2
5777 1
5778 1
5779 0
5780 0
5781 1
5782 0
5783 1
5784 1
5785 0
5786 1
5787 2
5788 1
5789 1
5790 1
5791 2
5792 2
5793 2
5794 0
5795 0
5796 1
5797 1
5798 1
5799 0
5800 2
5801 0
5802 2
5803 0
5804 2
5805 0
5806 2
5807 2
5808 1
5809 2
5810 1
5811 1
5812 0
5813 1
5814 0
5815 0
5816 2
5817 2
5818 0
5819 0
